0 6
0 1
0 101
0 103
0 5
0 104
0 108
0 100
0 8
0 3
1 55
1 102
1 5
1 103
1 104
1 3
1 100
1 8
1 2
1 0
2 3
2 6
2 0
2 8
2 1
2 100
2 102
2 104
2 55
2 106
3 6
3 5
3 105
3 4
3 103
3 101
3 108
3 1
3 8
3 0
4 0
4 103
4 101
4 9
4 3
4 107
4 7
4 108
4 109
4 105
5 6
5 1
5 108
5 101
5 8
5 3
5 4
5 105
5 103
5 0
6 103
6 55
6 4
6 0
6 3
6 9
6 101
6 155
6 109
6 106
7 81
7 103
7 181
7 4
7 9
7 101
7 108
7 109
7 152
7 107
8 105
8 55
8 102
8 103
8 104
8 3
8 100
8 1
8 2
8 0
9 181
9 6
9 7
9 81
9 107
9 101
9 155
9 108
9 109
9 4
10 84
10 165
10 156
10 65
10 91
10 157
10 151
10 51
10 161
10 67
11 62
11 22
11 25
11 23
11 186
11 63
11 60
11 169
11 164
11 94
12 184
12 51
12 191
12 56
12 151
12 163
12 65
12 160
12 63
12 161
13 141
13 41
13 145
13 44
13 148
13 48
13 143
13 144
13 43
13 16
14 165
14 48
14 189
14 91
14 157
14 151
14 139
14 67
14 51
14 161
15 47
15 48
15 143
15 91
15 63
15 69
15 191
15 161
15 160
15 185
16 88
16 61
16 160
16 142
16 184
16 191
16 161
16 65
16 165
16 89
17 91
17 67
17 163
17 156
17 64
17 160
17 161
17 56
17 191
17 35
18 139
18 78
18 67
18 60
18 169
18 168
18 164
18 63
18 62
18 99
19 143
19 189
19 188
19 165
19 89
19 160
19 65
19 161
19 16
19 191
20 147
20 156
20 64
20 163
20 68
20 166
20 61
20 195
20 167
20 93
21 166
21 120
21 62
21 97
21 197
21 66
21 193
21 29
21 121
21 129
22 69
22 156
22 163
22 168
22 56
22 64
22 63
22 160
22 68
22 162
23 68
23 193
23 94
23 66
23 97
23 62
23 169
23 166
23 197
23 120
24 121
24 29
24 198
24 92
24 26
24 194
24 126
24 127
24 124
24 129
25 62
25 97
25 197
25 169
25 193
25 125
25 21
25 121
25 129
25 29
26 28
26 24
26 29
26 126
26 194
26 129
26 92
26 124
26 198
26 127
27 194
27 26
27 126
27 92
27 21
27 127
27 121
27 29
27 198
27 129
28 24
28 27
28 54
28 158
28 58
28 128
28 127
28 124
28 126
28 26
29 66
29 120
29 62
29 194
29 193
29 97
29 21
29 197
29 129
29 121
30 143
30 149
30 43
30 48
30 36
30 136
30 33
30 148
30 44
30 144
31 41
31 103
31 161
31 189
31 5
31 144
31 143
31 89
31 85
31 191
32 48
32 49
32 44
32 43
32 38
32 131
32 144
32 148
32 149
32 132
33 145
33 40
33 146
33 143
33 43
33 46
33 140
33 44
33 149
33 144
34 46
34 149
34 48
34 43
34 143
34 144
34 36
34 44
34 148
34 37
35 157
35 56
35 191
35 156
35 57
35 67
35 91
35 151
35 51
35 161
36 53
36 48
36 49
36 144
36 148
36 41
36 44
36 43
36 143
36 141
37 140
37 45
37 146
37 149
37 43
37 46
37 143
37 144
37 40
37 44
38 146
38 148
38 43
38 131
38 44
38 149
38 144
38 49
38 32
38 132
39 88
39 141
39 153
39 165
39 84
39 142
39 41
39 65
39 157
39 159
40 104
40 100
40 6
40 46
40 45
40 145
40 140
40 106
40 2
40 146
41 159
41 109
41 142
41 4
41 7
41 9
41 141
41 107
41 50
41 152
42 107
42 7
42 159
42 142
42 188
42 84
42 152
42 88
42 50
42 184
43 7
43 159
43 45
43 48
43 144
43 141
43 41
43 143
43 148
43 44
44 146
44 48
44 40
44 46
44 143
44 148
44 45
44 144
44 43
44 149
45 146
45 9
45 102
45 103
45 145
45 40
45 108
45 140
45 106
45 46
46 106
46 8
46 2
46 45
46 40
46 145
46 104
46 140
46 100
46 146
47 91
47 51
47 160
47 163
47 156
47 151
47 148
47 48
47 56
47 63
48 144
48 51
48 91
48 151
48 157
48 148
48 43
48 65
48 143
48 165
49 40
49 41
49 45
49 149
49 43
49 145
49 141
49 59
49 44
49 148
50 184
50 188
50 7
50 84
50 152
50 159
50 41
50 88
50 142
50 141
51 163
51 159
51 142
51 56
51 91
51 151
51 65
51 165
51 157
51 156
52 2
52 9
52 81
52 1
52 3
52 109
52 0
52 55
52 101
52 6
53 153
53 109
53 41
53 50
53 141
53 152
53 59
53 107
53 7
53 150
54 25
54 121
54 27
54 127
54 28
54 29
54 21
54 128
54 129
54 154
55 101
55 1
55 0
55 6
55 8
55 100
55 102
55 104
55 2
55 106
56 157
56 65
56 67
56 91
56 64
56 160
56 156
56 163
56 51
56 151
57 41
57 165
57 141
57 188
57 157
57 142
57 65
57 59
57 50
57 159
58 27
58 24
58 54
58 26
58 126
58 124
58 127
58 28
58 128
58 158
59 84
59 152
59 142
59 188
59 141
59 57
59 41
59 159
59 150
59 50
60 66
60 62
60 63
60 64
60 69
60 68
60 162
60 164
60 167
60 169
61 148
61 165
61 91
61 57
61 156
61 65
61 151
61 51
61 163
61 56
62 166
62 197
62 60
62 94
62 66
62 193
62 169
62 164
62 120
62 97
63 47
63 56
63 162
63 163
63 160
63 64
63 69
63 60
63 68
63 167
64 168
64 63
64 162
64 69
64 167
64 68
64 160
64 156
64 56
64 163
65 41
65 89
65 91
65 50
65 51
65 151
65 142
65 159
65 165
65 157
66 60
66 95
66 164
66 193
66 197
66 97
66 169
66 62
66 120
66 166
67 165
67 163
67 160
67 157
67 91
67 156
67 151
67 65
67 51
67 56
68 160
68 168
68 164
68 69
68 167
68 169
68 64
68 63
68 60
68 162
69 169
69 56
69 162
69 160
69 163
69 167
69 63
69 64
69 68
69 60
70 68
70 69
70 72
70 71
70 73
70 64
70 67
70 66
70 65
70 199
71 189
71 48
71 186
71 149
71 161
71 67
71 143
71 63
71 35
71 47
72 68
72 64
72 70
72 69
72 71
72 67
72 66
72 170
72 65
72 172
73 151
73 143
73 148
73 149
73 153
73 47
73 91
73 39
73 48
73 90
74 4
74 146
74 105
74 40
74 45
74 143
74 44
74 46
74 43
74 181
75 199
75 68
75 158
75 67
75 58
75 128
75 77
75 66
75 177
75 28
76 60
76 163
76 117
76 167
76 35
76 61
76 195
76 49
76 133
76 147
77 124
77 158
77 28
77 128
77 58
77 75
77 127
77 177
77 54
77 26
78 191
78 161
78 90
78 63
78 136
78 22
78 39
78 67
78 139
78 168
79 68
79 69
79 71
79 70
79 72
79 64
79 67
79 66
79 65
79 199
80 62
80 193
80 60
80 197
80 97
80 94
80 164
80 120
80 169
80 66
81 108
81 7
81 6
81 181
81 101
81 155
81 9
81 152
81 109
81 4
82 60
82 156
82 64
82 63
82 167
82 163
82 160
82 56
82 68
82 69
83 22
83 166
83 23
83 147
83 195
83 167
83 139
83 135
83 20
83 93
84 7
84 189
84 159
84 188
84 142
84 184
84 152
84 42
84 88
84 50
85 88
85 184
85 141
85 41
85 50
85 65
85 165
85 142
85 191
85 89
86 57
86 42
86 91
86 157
86 51
86 142
86 159
86 151
86 65
86 165
87 65
87 160
87 163
87 91
87 64
87 151
87 67
87 156
87 51
87 56
88 107
88 141
88 188
88 142
88 84
88 7
88 41
88 152
88 50
88 184
89 84
89 152
89 159
89 141
89 41
89 88
89 142
89 188
89 50
89 184
90 69
90 68
90 156
90 56
90 160
90 167
90 162
90 190
90 64
90 168
91 57
91 56
91 151
91 156
91 157
91 159
91 65
91 51
91 165
91 142
92 97
92 29
92 129
92 126
92 127
92 194
92 124
92 197
92 198
92 26
93 163
93 66
93 95
93 23
93 147
93 167
93 195
93 166
93 20
93 61
94 196
94 23
94 66
94 169
94 193
94 97
94 120
94 197
94 164
94 62
95 193
95 62
95 197
95 97
95 166
95 96
95 196
95 168
95 66
95 120
96 164
96 62
96 193
96 166
96 95
96 120
96 97
96 196
96 197
96 66
97 166
97 96
97 164
97 196
97 62
97 66
97 193
97 94
97 197
97 120
98 135
98 193
98 66
98 197
98 120
98 97
98 166
98 23
98 93
98 20
99 194
99 169
99 197
99 97
99 120
99 164
99 62
99 193
99 94
99 23
100 6
100 3
100 106
100 8
100 1
100 102
100 104
100 55
100 2
100 0
101 107
101 0
101 103
101 181
101 108
101 3
101 4
101 9
101 109
101 6
102 181
102 1
102 0
102 8
102 100
102 101
102 104
102 55
102 2
102 106
103 107
103 8
103 105
103 4
103 3
103 101
103 5
103 108
103 109
103 0
104 3
104 102
104 6
104 106
104 8
104 1
104 100
104 55
104 2
104 0
105 8
105 101
105 109
105 5
105 107
105 0
105 3
105 4
105 108
105 103
106 8
106 9
106 155
106 55
106 104
106 100
106 101
106 6
106 102
106 2
107 105
107 181
107 103
107 101
107 9
107 4
107 108
107 152
107 109
107 7
108 181
108 103
108 101
108 4
108 9
108 3
108 107
108 7
108 109
108 105
109 181
109 81
109 103
109 152
109 108
109 7
109 107
109 101
109 9
109 4
110 165
110 157
110 153
110 151
110 51
110 61
110 187
110 57
110 86
110 65
111 121
111 122
111 29
111 21
111 63
111 62
111 164
111 169
111 94
111 99
112 65
112 163
112 56
112 191
112 161
112 61
112 63
112 160
112 22
112 162
113 43
113 148
113 139
113 49
113 35
113 61
113 39
113 136
113 131
113 20
114 160
114 148
114 51
114 151
114 47
114 48
114 56
114 163
114 39
114 156
115 143
115 157
115 51
115 151
115 191
115 161
115 160
115 67
115 84
115 48
116 151
116 163
116 36
116 156
116 61
116 167
116 139
116 51
116 135
116 56
117 65
117 57
117 151
117 56
117 163
117 51
117 156
117 161
117 91
117 61
118 185
118 164
118 169
118 85
118 182
118 94
118 31
118 63
118 60
118 69
119 48
119 56
119 191
119 31
119 85
119 163
119 63
119 186
119 161
119 160
120 196
120 169
120 166
120 164
120 193
120 94
120 62
120 66
120 197
120 97
121 169
121 120
121 21
121 66
121 193
121 97
121 62
121 197
121 129
121 29
122 168
122 162
122 169
122 62
122 68
122 69
122 63
122 60
122 164
122 64
123 69
123 193
123 66
123 68
123 120
123 166
123 164
123 62
123 60
123 169
124 24
124 28
124 29
124 26
124 126
124 194
124 129
124 92
124 198
124 127
125 169
125 166
125 97
125 197
125 193
125 129
125 29
125 25
125 121
125 21
126 121
126 24
126 129
126 29
126 198
126 194
126 124
126 92
126 26
126 127
127 92
127 128
127 129
127 29
127 198
127 27
127 28
127 124
127 26
127 126
128 24
128 27
128 126
128 54
128 26
128 127
128 28
128 158
128 124
128 58
129 62
129 120
129 21
129 194
129 193
129 97
129 127
129 197
129 121
129 29
130 47
130 43
130 44
130 144
130 32
130 131
130 138
130 49
130 38
130 132
131 47
131 59
131 48
131 149
131 148
131 143
131 49
131 43
131 44
131 57
132 136
132 148
132 43
132 131
132 144
132 44
132 49
132 38
132 32
132 149
133 140
133 40
133 144
133 146
133 45
133 43
133 46
133 44
133 49
133 149
134 48
134 148
134 43
134 137
134 147
134 144
134 44
134 133
134 49
134 149
135 48
135 165
135 148
135 56
135 61
135 151
135 65
135 163
135 51
135 91
136 144
136 143
136 44
136 48
136 148
136 49
136 43
136 139
136 149
136 39
137 145
137 45
137 148
137 43
137 46
137 143
137 144
137 44
137 146
137 149
138 148
138 48
138 131
138 46
138 43
138 146
138 149
138 44
138 144
138 143
139 50
139 159
139 165
139 153
139 151
139 142
139 51
139 65
139 91
139 157
140 1
140 8
140 45
140 145
140 46
140 40
140 100
140 104
140 2
140 146
141 159
141 109
141 142
141 4
141 7
141 9
141 41
141 107
141 50
141 152
142 65
142 141
142 89
142 41
142 84
142 188
142 88
142 165
142 50
142 159
143 109
143 105
143 144
143 103
143 7
143 43
143 4
143 41
143 107
143 141
144 141
144 41
144 145
144 143
144 148
144 149
144 43
144 44
144 48
144 45
145 2
145 55
145 102
145 6
145 106
145 40
145 45
145 46
145 146
145 140
146 55
146 8
146 100
146 145
146 46
146 40
146 45
146 104
146 140
146 2
147 67
147 64
147 160
147 56
147 163
147 61
147 195
147 47
147 156
147 167
148 141
148 41
148 144
148 48
148 44
148 165
148 65
148 143
148 43
148 157
149 45
149 141
149 41
149 49
149 143
149 144
149 43
149 44
149 148
149 48
150 107
150 102
150 101
150 106
150 81
150 109
150 181
150 9
150 7
150 152
151 57
151 159
151 91
151 157
151 56
151 165
151 65
151 142
151 156
151 51
152 103
152 181
152 101
152 4
152 81
152 108
152 109
152 9
152 7
152 107
153 53
153 165
153 84
153 152
153 88
153 141
153 41
153 142
153 50
153 159
154 147
154 127
154 29
154 125
154 27
154 54
154 121
154 25
154 21
154 129
155 3
155 103
155 106
155 81
155 4
155 101
155 9
155 108
155 109
155 6
156 65
156 157
156 64
156 56
156 91
156 51
156 160
156 67
156 151
156 163
157 84
157 57
157 91
157 50
157 51
157 142
157 159
157 151
157 65
157 165
158 27
158 24
158 54
158 26
158 126
158 124
158 127
158 28
158 128
158 58
159 189
159 88
159 84
159 188
159 165
159 141
159 41
159 157
159 50
159 142
160 67
160 161
160 91
160 151
160 64
160 51
160 63
160 156
160 163
160 56
161 67
161 165
161 191
161 91
161 51
161 56
161 65
161 157
161 151
161 160
162 169
162 56
162 163
162 160
162 69
162 60
162 63
162 68
162 167
162 64
163 61
163 91
163 48
163 64
163 151
163 51
163 47
163 156
163 160
163 56
164 197
164 94
164 97
164 68
164 193
164 66
164 120
164 60
164 169
164 62
165 88
165 84
165 41
165 141
165 89
165 157
165 159
165 65
165 142
165 50
166 193
166 164
166 167
166 197
166 97
166 62
166 169
166 120
166 95
166 66
167 168
167 56
167 160
167 63
167 162
167 69
167 68
167 60
167 163
167 64
168 160
168 67
168 63
168 156
168 162
168 68
168 64
168 69
168 167
168 60
169 167
169 63
169 166
169 69
169 68
169 66
169 120
169 60
169 62
169 164
170 195
170 35
170 62
170 95
170 131
170 166
170 29
170 66
170 125
170 199
171 157
171 48
171 22
171 136
171 39
171 143
171 91
171 144
171 148
171 139
172 68
172 64
172 70
172 69
172 71
172 67
172 66
172 170
172 65
172 72
173 72
173 69
173 68
173 70
173 199
173 64
173 67
173 66
173 178
173 65
174 68
174 69
174 70
174 94
174 7
174 98
174 119
174 118
174 111
174 99
175 95
175 93
175 25
175 22
175 21
175 195
175 125
175 20
175 136
175 166
176 23
176 22
176 62
176 169
176 68
176 164
176 162
176 63
176 60
176 47
177 26
177 158
177 28
177 77
177 128
177 58
177 75
177 127
177 54
177 124
178 69
178 168
178 123
178 147
178 190
178 122
178 135
178 137
178 86
178 187
179 71
179 68
179 67
179 69
179 63
179 64
179 192
179 66
179 65
179 199
180 96
180 196
180 193
180 94
180 97
180 166
180 120
180 66
180 197
180 23
181 81
181 103
181 152
181 7
181 107
181 4
181 101
181 108
181 9
181 109
182 167
182 156
182 56
182 68
182 160
182 60
182 163
182 63
182 162
182 69
183 29
183 194
183 121
183 129
183 24
183 92
183 27
183 127
183 198
183 25
184 109
184 142
184 188
184 7
184 107
184 89
184 50
184 84
184 88
184 152
185 88
185 50
185 191
185 184
185 141
185 142
185 41
185 65
185 165
185 89
186 159
186 142
186 157
186 91
186 191
186 51
186 65
186 151
186 165
186 189
187 142
187 56
187 156
187 57
187 157
187 165
187 65
187 51
187 91
187 151
188 141
188 189
188 159
188 152
188 184
188 84
188 42
188 142
188 50
188 88
189 184
189 152
189 141
189 41
189 159
189 88
189 142
189 84
189 50
189 188
190 90
190 91
190 65
190 160
190 67
190 64
190 156
190 151
190 51
190 56
191 65
191 42
191 88
191 84
191 165
191 184
191 89
191 188
191 142
191 189
192 120
192 123
192 194
192 193
192 94
192 122
192 97
192 197
192 62
192 164
193 169
193 121
193 166
193 62
193 66
193 94
193 164
193 120
193 197
193 97
194 198
194 196
194 120
194 94
194 129
194 193
194 29
194 197
194 97
194 92
195 66
195 68
195 163
195 95
195 20
195 64
195 61
195 147
195 166
195 167
196 164
196 62
196 193
196 95
196 120
196 97
196 96
196 197
196 166
196 66
197 194
197 96
197 164
197 120
197 193
197 97
197 94
197 196
197 62
197 66
198 96
198 196
198 127
198 26
198 27
198 194
198 126
198 29
198 92
198 129
199 62
199 164
199 197
199 120
199 97
199 166
199 196
199 66
199 95
199 96
